-3.5349222899499653 -1.119500850791973
-7.457854186334139 -2.1607722295527223
-3.7380607635527143 1.9446072869732298
7.658733804885587 -6.193452572175753
6.1663104115473155 -1.43283606866722
-2.4878113574888454 -0.45669627385300954
-2.203595881779645 -1.0040526657146789
1.9824058098668853 -2.1107248889712
0.8997319207627726 -0.12160690256944148
1.3442514204063043 -6.921698899860766
3.537246601468026 3.2502495411270265
1.7718848450509326 -0.6420846578576679
-7.743938857790368 -1.069793655637049
0.4297751955355615 -2.8007049302601366
-1.602480813106088 0.453029866562948
-0.17502670149276944 -0.1595346410286716
-2.1582872334202112 -1.8338904370549836
-0.31002576868291354 -0.6788856404799395
-5.6756064424004675 6.903982317441091
2.6461310868703785 1.0520162155775632
-2.711545374896783 -4.703359970091229
2.205327704129979 2.3169124493167184
-1.989513428765741 4.563755423154744
-8.955628570629491 3.637132783249418
0.695509985704354 -0.05089710305892951
0.504153182067711 0.809056320196116
-0.646044971491297 -0.926738417871972
0.28969778366120835 8.267779975849821
0.8426772311842403 1.3090362345495108
2.5072410090998933 2.9612390395565007
1.8439799556074874 5.286171571188746
1.8765378822158811 1.3118418937977838
1.1164024802942498 -1.8104237317633147
-0.11059100298987339 -0.08561137585155651
-0.12279481301443451 -1.8175281855346743
2.49253007430365 2.3034240685483907
-1.398238170923827 3.0718547889700276
-0.23478826432244398 -0.6210200783954222
-0.7812257942981011 -0.34744064909800554
7.168473232080583 4.802242378637107
-0.9168092225833514 -0.47402635491033496
-1.2111699539808682 -2.1206314378693785
3.350585635540918 3.649768316437861
2.0741921611653957 4.647550082448985
-3.959445141892441 -2.392700986063277
4.396859107099757 -1.064697042661872
0.07221878164021947 9.21817475940868
-6.854960376112709 -3.3449703469869094
0.05938374142244724 0.3477522624030441
1.7199874501160808 -2.483317733198227
-1.4163069264790624 -4.3109014226552445
-2.331335394526527 1.7732981390847875
3.5716277851434963 -3.3076934982369024
-0.3661537869061039 -0.9695798564534915
-0.4695156304736715 -2.995370691292891
-0.005440188098624305 -0.0069223084283689075
-1.0700262433452756 0.5549375991796005
-0.08492836977688427 0.2528421436968636
-2.2405060080525825 -3.538996037118734
-6.716721701385285 3.2243526664513897
1.9922912456154016 2.2734261677987297
-7.332844835768006 -4.710168417823229
-5.765506803272328 -2.906949370712681
-5.908970404856581 2.716493792011753
3.837326776640216 -2.917255080688496
7.7457215467304135 -6.251704205619071
1.012835964098069 -2.748390257708146
1.30673321606588 -0.7239244260995217
-0.05096177996475466 -0.22299128068950344
-0.18656552218956607 -0.16564902509766544
1.2837157326687019 1.2648198645186108
-1.8513973076772008 -0.858458031157821
-0.8049175468121628 0.5310278305155584
-2.015308785430441 0.6055662028994037
-1.1738037345428058 -6.6164584061883245
1.9340926133287464 3.6050553812678645
-3.2766882370164723 -0.4356424342491173
5.3086668052426615 -2.5766892682312283
-1.6913522031139416 -5.742719378332812
0.7156584414861035 9.389535496937095
3.27036690950504 -1.434430868727353
-9.647092376343917 -6.11457934292544
-0.5464767500034828 -4.352645531438347
2.0234469061124867 7.848807514427015
3.0362489435511995 7.163200017554653
-0.0074532862601305 0.27222220469101266
8.461059446262416 3.229356670848237
-1.0439120700730207 -2.978221193503212
-0.7030415894864954 0.6791408364836242
-2.258930879214713 0.6763855915507648
-3.170426488173596 -0.7417790681179134
-0.47259975754401895 5.632690744892529
3.8540604132340093 0.5029054700002897
-4.149580809989835 3.7301400692372497
-1.803639189719585 -1.1180492178455639
3.7940212492262106 -3.907717703991438
-0.4050418329099985 2.7182680787393205
2.491841540503607 -0.7615948046625672
-1.7506198086806914 -4.225489691628843
0.9804573096798099 4.177679483775815
-9.440850074087553 -1.084372274979692
-5.53958478887231 1.290411215405665
-0.905067251774861 5.161155088892052
0.9242134730196235 0.8413077686533812
-2.0039215825706 -0.21969441545270052
-2.7164621955110295 2.078282860218215
-1.5218614702163058 -0.6633568194421389
-1.4763351047482574 0.11099943008402345
-1.208200058849532 1.5452808421475717
1.0459710454907025 0.6046726928398375
-2.3324999549588488 -0.7935612174423841
-0.11792891688058106 0.43485704321726115
0.05963009262253068 1.0336593182983278
0.5734034325477347 -2.5537319797497626
-0.666218607810989 3.2972923620616115
-0.6639062147055305 0.06011720969303545
1.7436632021416816 -0.24821434916647686
3.978467172453865 -0.979763754004854
0.2994094069708271 2.5927078033365647
4.2139730041393655 -4.251847965341404
-0.47248039861725716 1.7051766203513439
5.219821267046663 0.4351343693702724
-1.2158076739764578 1.7360910464092911
-11.24680420152525 -13.503676111671881
-0.774935614700242 0.8400703465490467
0.47540622541406125 1.1973947734021226
-1.3050529189097109 -0.09297120493170029
0.5811659617969676 -0.6831346721701212
3.413831598303936 -0.5865412284106164
4.966340472760502 2.7751957971252055
-2.079239533472569 1.3706507034906519
1.7131768039872504 0.5977242268063513
-0.20159290242508884 -1.304314540014317
0.09162728022193647 3.1468758767308476
-4.8621100342454655 2.6515460965075484
-0.12665888333907938 -0.8720435612513404
-0.6768781935639429 5.270688949463808
-4.264803570811867 1.20596529787414
-2.2163761324957374 -4.973688457031551
-3.585406870564767 3.370019100406512
2.115501541451187 4.581377119124906
0.6112211759640319 -3.5141891891593446
-0.3665590182026363 6.184250896157592
-1.2752721572548622 8.832429098443509
-0.6345745869823254 0.6685383094881082
6.684477394038135 1.9243749817806417
0.05580320134133572 -0.17249702725614285
-1.4228341055521292 3.815357593641181
-0.5118732531246483 -0.2711998176490407
1.7833140311672357 0.40288405276920974
-14.048394954730036 6.567335707734797
-1.794136655559118 -3.900966680606334
-0.24337524342681532 1.3895230995141907
4.696413067549473 -1.3195662034006612
0.18892348619055005 0.45312644239222255
-4.362537334031074 1.210813525016805
6.429100760965996 -5.883983590805565
-1.2962110417211503 0.9539351515790224
4.604425798891727 -3.169745291963339
-2.49648085418121 4.699283779009691
0.2754056344480287 -6.46230554351102
1.8041587831674255 2.8642876380309064
0.07428274686510154 -0.2475826762890784
-2.3844675518509595 -1.5339940419651816
1.939448142499468 -2.4138988889816466
-0.2605497262662254 -0.13430942957216155
0.8572294749015364 -1.7991448435942434
-4.229524082575227 3.1369623681738976
7.269583357608081 3.022562031450455
1.4446487452912655 -2.013866860277011
0.5750495448510895 0.12212215029981235
-1.159183271954349 1.4617662264444955
1.9199946700959325 0.1976759174858888
5.55565079098802 -2.6445660814453404
7.935276401824978 5.736033546057319
0.28024251080270984 2.574606327340082
-2.7066112410103718 -2.370067752622044
-0.007232787689226724 0.5930364825895497
0.5167956165976034 2.8207690509244094
1.91290266507199 0.14494125499141206
1.0908502374296019 0.9676291095365898
0.3636148102792564 -0.02208548052354808
-1.8003553472411047 1.1576066430815342
-5.189297097983052 0.31648876571135165
4.902624873001368 -0.3267046021077979
-2.100763012446546 -3.4283547051214716
0.026900531223219063 1.087295003462664
-9.25901990392275 4.7846608534374235
-4.736306656594362 -1.6946879810913476
-4.461066069842458 2.643685086244964
-3.45178451458183 4.143489545992188
2.5829008880704576 -0.23611177504720482
1.3809657060583795 -0.272691895982129
2.798317745213933 -0.1405791898409324
0.013759837587626144 3.7760198361978827
4.951859622067483 1.9016628322435323
-0.2125686847199849 -1.7451500777524231
-2.137725309997733 2.031429570953071
-2.9090311683931733 2.934874317741153
1.8488427741196887 3.4577969334660734
18.558584292858107 12.805294698024039
21.11403007629753 13.47758954570254
20.51408622263504 11.992704231890361
22.078690604278776 10.811378701818356
23.317991797852 11.085773017988874
24.06768182642908 11.374066553547106
23.281429301847194 11.919704188182756
20.931914339126028 12.247084870051637
22.784347947038484 14.53394991663781
20.44963215630692 11.577956295146619
17.164817517516973 15.476201708674772
20.09820868719974 11.409817968238748
23.89596579125658 9.804551058127942
20.117289582923426 18.448131142150558
16.78514118145744 13.211784883645274
19.287857485322053 11.93686255570009
20.501453220165846 13.250435454054827
21.025589771396806 5.155356816516569
19.585492200101573 14.44382059503031
20.776875878363455 12.313370903350025
20.809302794812 8.939024807803204
19.88957254044196 7.614779498381789
22.0781009767754 15.704217479445836
23.514588405966272 9.61578865169211
19.44076125744932 11.561010017478752
26.961028908144737 8.825141458191462
21.872126758791754 12.549591016857976
20.887973579099484 12.170285033621939
19.07154229755822 10.137503110395157
22.524796811351802 13.356310148283558
18.16434390130849 10.506794259724563
24.45300799168411 10.850665553949588
24.433661070804916 12.058325634091362
16.727396103232508 9.335749752317833
21.12447543051276 11.97033960557696
18.939574033038806 15.536281953901112
21.098461614511738 11.624752255733075
18.32553653811876 11.662949739459952
20.849133231821565 11.589418689613513
20.4443202651358 12.351169925674656
20.421510823027 11.433776754888667
22.762314585515107 13.96042044038151
21.023721132242386 11.997091129443584
23.884669075213157 10.46911681423516
19.49502790546091 11.59963985394957
20.881934838368547 12.36314266902028
21.219236229030535 12.347715129790677
23.479721171416518 10.379491711152362
22.152417726974715 13.821745369097588
26.155522033383296 14.68782604352208
20.76367955923085 11.32416408194599
21.975733756276103 11.272775336855995
18.32721947067098 6.9456767604285305
21.84606362797277 11.989166787938519
16.553094234643037 17.22730303230569
22.640753173632792 11.787768004233524
22.651669789098058 15.224455914293706
24.18645727035115 13.336502573687543
16.741045062541485 8.598931179245199
21.041027038370956 12.56255062220146
18.886271541863923 11.806721019046005
17.63206929001663 17.497717018222176
23.98608271825861 11.439968410347872
18.176428700271376 7.601239620917857
18.958517002207994 13.537673571900193
22.587170558325845 8.20563332201031
21.813067111337105 11.877633688422675
20.61299195581424 10.852053851239612
20.382504718436298 13.036707677690188
16.444806973659485 11.366402693442405
21.089558119622584 11.386856541145832
20.92150785399277 9.286151230514067
23.870767622809318 7.950587401084244
23.48906983559766 15.328555375960994
19.934698505917968 9.541013097236315
21.950298988050687 12.665724883086412
16.518216695357133 12.062606069470947
21.684983766613225 13.228106572958472
21.088529597794683 11.892410419702504
22.56319409967713 13.392766907684031
20.846943737128292 12.042327890426979
21.62278900823108 11.218866676867467
22.4415387638141 13.308648902351202
17.258137680678217 14.725376084472224
19.16184165678228 8.58644747985766
19.19376923677335 9.83921410262937
16.22404939324099 15.508539598340274
24.194578385061494 13.504288974328079
22.69542451697579 8.534068773445687
18.454744332480054 11.398689136408969
24.73456380897669 15.108404084353412
18.894912090733165 16.39848776347483
22.5160899496646 12.28871923641536
20.26330129028159 11.418797122326621
20.65045723451584 10.845296521817083
21.282151674908874 12.214066499041172
21.071395663412723 11.921206788883307
19.818055083020948 12.811487109234077
17.59235093133877 11.478179658594021
22.492076875931897 12.180144810353633
19.842310043694567 11.867403310666113
21.53455404226039 15.104743973869681
21.084152455516183 12.046630189763999
21.115845088552746 12.084182021589905
20.94753875702508 12.553508343313228
20.45447902985167 11.785271210936271
21.523409805796305 8.474211889325913
21.13959596317189 12.42595142528386
15.146208787522513 14.62167734782664
21.23635845761567 10.820640133593548
21.004495143831413 11.299745181996638
22.86202913570888 10.215257570712897
20.980436205961194 11.949866662448343
16.109633237677095 16.805733948133806
20.942610027627847 12.065168884756448
18.85735469478696 7.314358129118953
20.47254972926267 15.040165298906116
21.105508847250924 12.165898657178424
22.17854079933237 12.356951422878062
24.058372715659846 13.715791339194976
25.233179105734383 8.11865955086777
20.790834485176614 11.93276292155608
25.727044091019497 9.805251519688095
21.333580294993272 11.676326607023206
19.268771650647928 13.799593870705351
19.777641492057974 12.326132349378963
18.756110527242473 12.814429012779108
21.967052144952074 11.652023583340787
22.10396601932466 11.94369915770828
21.07602785787366 11.717770875527076
19.955360432305422 9.92764467579806
22.051046463606237 13.804228016561517
22.094211241284622 11.42290186117537
15.572992328099263 12.206130222849046
21.038024759268115 11.787428032011723
20.815383598559823 12.091300970307966
21.79242007977575 10.799497896093053
23.24663885169407 13.15111156589913
20.56372803501319 12.223456521999713
21.06098876143886 14.818756578809214
20.594955449889397 11.719367491939462
21.09676900166748 13.967531775863467
20.995685259844812 13.724481730564772
20.960228515892588 11.95210549715183
18.01532825834194 13.939079785847664
20.640964628068897 10.63602072650966
23.186280636679655 11.354890950017332
21.10623212953149 11.157689517559549
18.24701567663396 15.43962207668382
22.785886109592962 10.20059573199606
22.33318541318734 13.137595364206575
19.696121635442324 12.909958134377552
20.874196057349295 7.80109847155299
30.171919034722297 12.031463461807586
20.12870876700562 12.44117841222991
21.62431264420404 12.97219235848877
20.191986240904697 11.36743075992476
19.875713464936855 10.684261208946888
21.979093039451516 9.612473131389304
21.122115020632958 12.03912603371111
20.499242765013474 13.813057207626851
23.29895822647039 16.37191299183214
21.26559651827303 12.21199155927337
23.966197497496918 9.293588899705496
20.44668578036135 6.749593352562881
17.25026664839639 11.630365996315033
22.169594239406372 11.0207342077953
20.826383610141868 11.315679336639775
22.5205057242708 15.079496877664557
20.9004521813322 12.121891236300005
21.563493343178642 11.76500331989209
20.36465551739327 13.00629149419143
19.621645464408036 10.99574739851065
19.89169144847073 12.056509022551115
21.33792506169633 11.751096714203886
19.13713189041938 15.585092624224473
18.46381511757442 17.70833993967681
17.903536280015707 15.872648143763731
23.376429694209346 10.593994240871549
20.30213063094413 14.724171067846136
19.24813834863632 11.0694835123135
19.951500253840692 13.552654051620584
21.256231532603152 10.057446656005126
21.858359493345056 11.037963962454194
12.904796155410748 15.127619582194761
18.920217427159514 11.055493600367114
18.582400644187178 9.696066716067072
20.988482828056735 11.988080069149854
17.86745395066149 14.23326362720342
20.403467053980926 12.840984645157913
21.72104890892114 14.918806150072653
22.14419795758959 13.020283498382579
25.782289668686502 8.519341716651047
19.367347486495255 14.490848318883842
21.152435768672408 8.70788724072965
17.138530962101783 11.577960384524527
20.629624831707332 12.03509142579128
22.2683119269758 9.58116351480943
20.908578454338382 11.409011174240046
21.404802647508188 12.111901974920011
-20.114044018447014 16.1982811156755
-18.402573774511772 12.60653825156104
-20.524903941179716 17.680369924433126
-18.5855600319926 12.667279015476362
-17.971473601729553 18.46414689970181
-22.337725743363137 21.814574068467646
-20.966121262645583 11.162618552164552
-18.585133591641966 12.741642637051825
-19.300378523163566 19.395838082009494
-21.27893025018036 17.86908734167651
-24.649338391428966 16.58554103514642
-19.774213131691965 15.811889799764486
-19.35569016972742 19.389606469433996
-21.05535271981165 16.27826189353804
-20.331483203753155 16.6784365494585
-21.005686209890346 8.107920416803836
-18.70840927726682 16.599694204253137
-18.975402770983887 18.058602161625807
-19.87076909745376 15.948044079643182
-19.999427696184718 16.001663355610326
-23.970724392452272 15.114842406919538
-23.663433066574463 13.64056801900309
-17.80022938690506 14.821425661132336
-23.169426763599684 14.764128901709338
-16.192087018184193 13.977637234662154
-19.955639342316495 15.923882831628125
-19.004550052972064 20.305159184201205
-22.89219444115321 15.875207631956101
-20.011388048622187 15.862450582731826
-16.553941763684126 14.59567680655355
-19.524340471270218 19.52396342849397
-13.231706061648449 16.42854450136813
-20.218838623054136 16.03349705893632
-15.89337065139095 16.80107309363791
-19.934919688401465 16.401325344670187
-18.2510845319021 17.400650640560976
-20.366496149886054 17.52468806961498
-20.120427847249243 16.074722025352404
-22.04039375150318 16.135340070981936
-19.879624132574836 10.087944312637795
-19.46237524848454 22.024348026426104
-15.050554418417533 14.341489710137523
-19.976645313539276 15.869932071112434
-18.101334130012756 20.414057557440678
-19.665697877644412 15.991208071263678
-16.048809447103245 17.801787035117403
-15.238441427269768 14.246795602200967
-20.297512360928998 19.08459419295592
-16.801123142188427 19.292447909253813
-20.13465873909827 16.302121459447996
-25.31902474132004 10.565672269306067
-17.889499086172805 13.216346386318575
-20.04321489236482 16.006754196195445
-20.05029864300576 17.308735344564337
-18.655795927869644 13.308458182204006
-18.91252018077163 11.896200780105966
-21.54476731410069 9.059771513981495
-21.756434145439783 16.98529120203892
-19.97233718045417 16.000923285287875
-18.95608089362308 16.602336629748432
-19.631400120070698 16.12252521455509
-19.696652098634274 16.711985761979758
-20.447401982913657 14.83793964640073
-17.95603823361939 15.677514584100438
-26.28531156137602 8.454367820605164
-19.69497447171902 14.034271824356289
-18.822983902580717 17.44032337064444
-20.14550368407251 15.543855892621245
-12.552821976097505 11.486694813830837
-18.93152339615147 17.00687593000385
-19.988408996864784 15.62372105899131
-21.44595287503197 15.505558158891834
-20.162867952030943 16.548358687693668
-19.505370016942745 15.074914590419214
-19.599533652463794 15.9624206698538
-14.507277679500385 18.42106031259338
-25.450485346738763 16.954304603282285
-21.01959567745222 16.530959066104916
-20.531687190099806 16.661454787502034
-20.391118860346385 20.85269094998389
-20.865696738206825 15.879220515316478
-16.860656207937634 11.780735187551585
-18.90257223028792 15.735765578591026
-16.639932284533117 15.957647249205724
-16.091459373065007 15.70200580118189
-20.943416296027724 15.456428248830118
-15.402624370283775 16.059642745461453
-21.08544401979966 21.527744656281367
-16.607165321885606 14.846034050858302
-18.752756302842382 11.356283653517256
-15.8358947468849 19.364762533018826
-20.836410356795998 14.108833939609559
-15.105109059928813 19.672605238621383
-22.819103718581843 15.88758865903654
-22.997700912671505 20.131564417406235
-20.297716656651122 18.52095508619063
-19.87575724079462 15.619699381692191
-19.53893135007952 15.11992460070116
-15.792529182546339 19.221127043771336
-18.424746440424407 18.348831397603128
-20.1844795568887 16.09253816003305
-21.00910875710048 16.432684813564602
-19.7373559371038 15.168423255919546
-21.40486479237793 17.18613218746884
-21.007183147983483 16.087090698171128
-20.059844770595454 15.82581417791873
-21.274485783351267 17.06045050821496
-17.552638500445575 14.760648787289371
-22.73122935037324 11.403812039738852
-20.919642123974636 17.010988368386347
-20.63268970380818 13.722631131221632
-19.44665275541003 15.386951961839507
-19.605259398568684 15.105606651908637
-21.227193775607173 17.31469367345077
-25.562632890575518 21.23064253826866
-20.627415499753965 18.67122338592362
-13.569370562552066 16.790321211536284
-16.812433332407547 14.788297432660398
-18.81889748712738 15.001021940798255
-22.034168512483078 19.022134886800902
-21.87894088503401 15.404479631955937
-18.075434216057996 16.638824005664052
-23.5940107301906 12.307054375206608
-19.977182242457083 16.030742536114477
-19.818068975740495 14.763977957301387
-19.82599205212953 15.980510172355794
-18.953035609533256 15.951727330003436
-19.701972642278694 9.600496332893552
-18.503463061001945 20.989335950974933
-19.130186588733288 16.672389418398886
-14.541087689819634 20.90851991882908
-22.7388964131657 17.9458750904432
-19.5670323318137 16.25898271329651
-19.517211586202656 16.869275463533853
-18.586092571532387 15.684840010483288
-21.417758211045214 15.148163349097116
-21.74341321983435 15.189132857477007
-20.03229219521757 16.037168723152444
-17.996065074142514 7.748032994084154
-15.67595935880303 14.757465741502706
-20.687841215805737 15.511289627489868
-19.231289523530645 12.177092154589804
-20.273655944401806 15.25826582744383
-19.92960515855156 14.633857161244947
-22.180499588831097 16.56167993574068
-19.63884180829684 15.952728821016112
-17.87277224885271 13.480335843860427
-20.77195059587686 15.083301799583623
-25.40666759040514 18.54431823872443
-20.000546144279078 15.956040329205942
